1
1
1
1
0.2409871413311896
0.131531718002056
0.06822006986183876
0.06822006986183876
0.05892353702917993
0.03156419186954024
0.02579475610062886
0.02579475610062886
0.02579475610062886
0.02472115267065109
0.02472113348435679
0.02472115267065108
0.02472115267065108
0.02472115267065108
0.02377124388953331
0.02377121971755697
0.0198009717495107
0.0198009717495107
0.0198009717495107
0.01911951683295989
0.01911950831166305
0.0168740785236854
0.0168740785236854
0.0168740785236854
0.01638672121402267
0.01638671564457004
0.01506749694160637
0.01506749694160637
0.01506749694160637
0.01423006716769521
0.01423006094079615
0.01423006716769521
0.01423006716769521
0.01423006716769521
0.01373366392545921
0.01373365636809724
0.01373365636809724
0.01373365636809724
0.01373365636809724
0.01373365636809724
0.01373365636809724
0.01373365636809724
0.01373365636809724
0.01373365636809724
0.01373365636809724
0.01373365636809724
0.01373365636809724
0.01373365636809724
0.01373365636809724
0.01373365636809724
0.01373365636809724
0.01373365636809724
0.01373365636809724
0.01373365636809724
0.01373365636809724
0.01373365636809724
0.01373365636809724
0.01373365636809724
0.01373365636809724
0.01373365636809724
0.01373365636809724
0.01373365636809724
0.01373365636809724
0.01373365636809724
0.01373365636809724
0.01373365636809724
0.01373365636809724
