1
1
1
1
0.1025804911922504
0.08044622587471213
0.03506568135970723
0.03506568135970723
0.03132164891905831
0.03132164891905831
0.02584079129341786
0.02584079129341786
0.02584079129341786
0.02470728162050029
0.02470728162050029
0.02470728162050029
0.02470728162050029
0.02470728162050029
0.02470728162050029
0.02470728162050029
0.02470728162050029
0.02470728162050029
0.02470728162050029
0.02470728162050029
0.02470728162050029
0.02470728162050029
0.02470728162050029
0.02470728162050029
0.02470728162050029
0.02470728162050029
0.02470728162050029
0.02470728162050029
0.02470728162050029
0.02470728162050029
0.02470728162050029
0.02470728162050029
0.02470728162050029
0.02470728162050029
0.02470728162050029
0.02470728162050029
0.02470728162050029
0.02470728162050029
0.02470728162050029
0.02470728162050029
0.02470728162050029
0.02470728162050029
0.02470728162050029
0.02470728162050029
0.02470728162050029
0.02470728162050029
0.02470728162050029
0.02470728162050029
0.02470728162050029
0.02470728162050029
0.02470728162050029
0.02470728162050029
0.02470728162050029
0.02470728162050029
0.02470728162050029
0.02470728162050029
0.02470728162050029
0.02470728162050029
0.02470728162050029
0.02470728162050029
0.02470728162050029
0.02470728162050029
0.02470728162050029
0.02470728162050029
0.02470728162050029
0.02470728162050029
0.02470728162050029
1
1
1
1
0.09904642621793229
0.07726368663897908
0.0315114819656202
0.0196933265874692
0.03132164891905831
0.03132164891905831
0.02584079129341786
0.02584079129341786
0.02584079129341786
0.02470728162050029
0.02470728162050029
0.02470728162050029
0.02470728162050029
0.02470728162050029
0.02470728162050029
0.02470728162050029
0.02470728162050029
0.02470728162050029
0.02470728162050029
0.02470728162050029
0.02470728162050029
0.02470728162050029
0.02470728162050029
0.02470728162050029
0.02470728162050029
0.02470728162050029
0.02470728162050029
0.02470728162050029
0.02470728162050029
0.02470728162050029
0.02470728162050029
0.02470728162050029
0.02470728162050029
0.02470728162050029
0.02470728162050029
0.02470728162050029
0.02470728162050029
0.02470728162050029
0.02470728162050029
0.02470728162050029
0.02470728162050029
0.02470728162050029
0.02470728162050029
0.02470728162050029
0.02470728162050029
0.02470728162050029
0.02470728162050029
0.02470728162050029
0.02470728162050029
0.02470728162050029
0.02470728162050029
0.02470728162050029
0.02470728162050029
0.02470728162050029
0.02470728162050029
0.02470728162050029
0.02470728162050029
0.02470728162050029
0.02470728162050029
0.02470728162050029
0.02470728162050029
0.02470728162050029
0.02470728162050029
0.02470728162050029
0.02470728162050029
0.02470728162050029
0.02470728162050029
1
1
1
1
0.09904642621793229
0.07726368663897908
0.0315114819656202
0.0196933265874692
0.01484003736498247
0.01484003736498247
0.02584079129341786
0.02584079129341786
0.02584079129341786
0.02470728162050029
0.02470728162050029
0.02470728162050029
0.02470728162050029
0.02470728162050029
0.02470728162050029
0.02470728162050029
0.02470728162050029
0.02470728162050029
0.02470728162050029
0.02470728162050029
0.02470728162050029
0.02470728162050029
0.02470728162050029
0.02470728162050029
0.02470728162050029
0.02470728162050029
0.02470728162050029
0.02470728162050029
0.02470728162050029
0.02470728162050029
0.02470728162050029
0.02470728162050029
0.02470728162050029
0.02470728162050029
0.02470728162050029
0.02470728162050029
0.02470728162050029
0.02470728162050029
0.02470728162050029
0.02470728162050029
0.02470728162050029
0.02470728162050029
0.02470728162050029
0.02470728162050029
0.02470728162050029
0.02470728162050029
0.02470728162050029
0.02470728162050029
0.02470728162050029
0.02470728162050029
0.02470728162050029
0.02470728162050029
0.02470728162050029
0.02470728162050029
0.02470728162050029
0.02470728162050029
0.02470728162050029
0.02470728162050029
0.02470728162050029
0.02470728162050029
0.02470728162050029
0.02470728162050029
0.02470728162050029
0.02470728162050029
0.02470728162050029
0.02470728162050029
0.02470728162050029
1
1
1
1
0.09904642621793229
0.07726368663897908
0.0315114819656202
0.0196933265874692
0.01484003736498247
0.01484003736498247
1
1
1
1
0.09904642621793229
0.07726368663897908
0.0315114819656202
0.0196933265874692
0.01484003736498247
0.01484003736498247
0.01456037629993461
1
1
1
1
0.09904642621793229
0.07726368663897908
0.0315114819656202
0.0196933265874692
0.01484003736498247
0.01484003736498247
0.01456037629993461
1
1
1
1
0.09904642621793229
0.07726368663897908
0.0315114819656202
0.0196933265874692
0.01484003736498247
0.01484003736498247
0.01456037629993461
0.01456037629993461
0.01456037629993461
0.01450062892259839
1
1
1
1
0.999999999999974
0.9999999999999762
0.9999999999999762
0.9999999999999762
0.9999999999999809
0.999999999999966
0.9999999999999599
0.9999999999999599
0.9999999999999599
10.65991734256556
1
1
1
1
0.999999999999974
0.9999999999999762
0.9999999999999762
0.9999999999999762
0.9999999999999809
0.999999999999966
0.9999999999999599
0.9999999999999599
0.9999999999999599
0.9999999999999599
1
1
1
1
0.999999999999974
0.9999999999999762
0.9999999999999762
0.9999999999999762
0.9999999999999809
0.999999999999966
0.9999999999999599
0.9999999999999599
0.9999999999999599
0.9999999999999599
