1
1
1
1
1
1
0.9625749824753552
0.8518374226967235
0.5823356089123758
0.3373231843957072
0.08301891103425602
0.06284016576899318
0.04565093835473902
0.04258491826613722
0.04258491826613722
0.04273251090867411
0.04273251090867411
0.04185350589554029
0.04185350589554029
0.03332841371313602
0.03332841371313602
0.02404306991360954
0.3310582246968264
0.3310582246968264
0.01909059013372084
0.05451702133952783
0.02127364417124531
0.01590581276096528
0.09786583875090037
0.01411019634776231
0.01770447315593002
0.0196754669837452
0.0307226025849843
0.02391931471402242
0.01678073867210391
0.01546484453780937
0.01538699497133619
0.03351355935754227
0.01527630054373197
0.009151353735480974
0.008901843201507709
0.00901400086889844
0.01421585177276692
0.008532259571755343
0.00831932505631286
0.009721458692045774
0.01191948618419902
0.007514539996451573
0.00624038580314625
0.007009348259256884
0.006157822792836657
0.005269562476262681
0.005866353885482101
0.008283685494650557
0.006186260603091672
0.005602176657294048
0.007666247732963957
0.00542447397195499
0.005518559879330759
0.007244540756039389
0.005936725835810966
0.005212521241758855
0.007105798805229197
0.01390681996966764
0.005661070913782758
0.004253475610552834
0.004976682829044714
0.005390136144415374
0.01289213311321231
0.006575484620299954
0.003596251522200307
0.003762207269138026
0.004570296478040053
0.006854103576160842
0.003452702202705638
0.003501842519942648
0.003848134700740074
0.009753123625188235
0.003126457281543852
0.002607287268546046
0.003311787171630623
0.004250682002182426
0.005176120719560874
0.002520444060237781
0.002536057594545198
0.002919853561154952
0.00500370860270874
0.002292502409563895
0.00212711240076452
0.002282479623090056
0.00592248441290792
0.002002745673899486
0.001763807884948317
0.002213461096181807
0.00265865808895117
0.008699906366162
0.00457450746480638
0.001825711434024154
0.001547426434306194
0.002071791097576222
0.003774787289839732
0.001756796553049944
0.001687945171636384
0.001872124968871689
0.003094159554436934
0.001847185622680877
0.001318838453355628
0.001760784369693456
0.003420096311104939
0.002198008041113495
0.001312197732384313
0.001569676147169512
0.0022986759716073
0.002676628625816236
0.001564485355597832
0.001336839020876336
0.001565937136772135
0.001417491858285439
0.00229915793249376
0.001318772587505496
0.001137922110310418
0.001388945051512712
0.001119631302000666
0.001614141811812799
0.001569519141072989
0.0009566866770853078
0.0009441670189222491
0.001893733226523521
0.001156151128459581
0.00104502281865167
0.001701342417940122
0.001332621314703217
0.001015247904128306
0.001145537881572697
0.002371115289291327
0.001147188201892891
0.0007452220963098148
0.0007992890738453325
0.0008112931014804328
0.005525679741513351
0.002053533420458238
0.0008486888308872822
0.0007105790114380087
0.001331972761326668
0.001153858007702685
0.0008231294676545853
0.0008628445025883931
0.001145136432361775
0.0008046041357623552
0.0008618849818090494
0.001215035888934841
0.0007653881392381965
0.0007686519273505452
0.001191878961951088
0.0008402139262930137
0.0008231708982162397
0.003173943634627306
0.001413775685221855
0.0006811402105959767
0.0006465606492917025
0.0007757458456863936
0.001647761583975374
0.0005550708404347802
0.0005184305731410134
0.0006488871167145888
0.001044833471981991
0.000919238673794709
0.0005485289256437448
0.0006613215409238482
0.0006441168324247136
0.0006874449065692471
0.002398450395329883
0.001005351977942585
0.0006833668276811807
0.000550484960023543
0.00115847602262477
0.0005611367196690915
0.0005795119886557701
0.0006617136955138407
0.001168175221398555
0.0007630982889396709
0.0004415688525802728
0.0005168578389462258
0.000967991098894134
0.0006634300583058507
0.001238165458553327
0.0005238346083486005
0.0005331415185644155
0.0007420211894862704
0.001418797843336271
0.0005707149927119281
0.0003763001911330264
0.0004796066628574236
0.0005380234614456701
0.002351064322965509
0.001111324266227923
0.0005104681203492981
0.0003877878508708927
0.0007298739384445047
0.0007729585767150646
0.0005331058029636058
0.0005868961423531174
0.0008319941129420896
0.0006092769765180047
0.0004396978197452305
0.0005291764579683676
0.000470027548159596
0.001029183968572139
0.000491542445632677
0.0003565548335433367
0.0003961439387677568
0.001265115406248859
0.0004452872010756358
0.0003512477356748296
0.0003690820106025324
0.0005323038405987107
0.001871113223062054
0.0007429097590483211
0.0003911282357974731
0.0003226452900265636
0.0005094805271226582
0.0005960769223755903
0.0004002416759896868
0.0003553773123659342
0.0005797471553657833
0.0006617501179928442
0.0003421033540589254
0.0003062569004683062
0.0003708602947233684
0.000867541921335704
0.0004146788920105207
0.0003437188096665992
0.0003761402980353859
0.0009555836315062224
0.0003300300138772901
0.000308935512816648
0.000359556142524425
0.0007051424321769553
0.0006319929075997543
0.0003550792067609483
0.0003638189343939655
0.0005489300239444379
0.0005083706601081106
0.0003804335839189712
0.000330954649889049
0.0003494799724072501
0.001041494068777694
0.0003112303370718357
0.0002740258132356009
0.0003815778040523495
0.0006725907116302666
0.0003674967114609591
0.0002507421628097699
0.0003842870345532953
0.0006983825398365264
0.0004298254369509139
0.0002989277953677195
0.0003585208492638482
0.0003853588406876984
0.0003778704565621905
0.0003298440886819206
0.000605184386307588
0.0002772476089751962
0.0002920521548281869
0.0004016274727862135
0.001637546515781356
0.0006046869484315383
0.0004384115545303986
0.000398881722905019
0.0006950233307044012
0.0003443671992597348
0.0002574915987632073
0.0003951732125126514
0.0004313898300562194
0.001306232587937072
0.0005688312228999643
0.0003319893580711098
0.0002821308303442561
0.0004248555887950864
0.0006781289482851632
0.0002686868824616454
0.0002568514365576998
0.0003099601844821857
0.0005498022929034177
0.0004983975661698028
0.0002578264418744315
0.0002930775863324645
0.0003207196539820988
0.001214177584559644
0.0005747053659850487
0.0002998183024015433
0.0002535179611930973
0.000486686683168873
0.0003670498723939101
0.0002818724083888773
0.0002520151030230199
0.0004693519688408235
0.0003712882029950005
0.0003918102117305826
0.0002552935965520863
0.0002501302126000175
0.0002574084176533027
0.000805479310181882
0.0003622989613113745
0.0002274080753818421
0.0002392206291924569
0.0003882754106218177
0.0003586295058207761
0.0002399765629679621
0.0002449583662403029
0.0003005869714604862
0.0005231024762256293
0.0003215271811643362
0.0003077052474802495
0.0002876477759708347
0.000269664186551176
0.000510727927637636
0.000231669344825821
0.0002340151574945267
0.0002916320523579007
0.000820962979415385
0.0002716460766782542
0.0002443404106381811
0.0002943659548383973
0.0006061701083163926
0.0003263684308001242
